# time(s) volume
0.3947 0.1945
0.6037 0.1082
0.8127 0.0795
0.9985 0.1302
1.1842 0.1782
1.3932 0.1675
1.6022 0.1457
1.8112 0.0979
2.0201 0.0796
2.2291 0.0710
2.4381 0.0646
2.6471 0.0577
2.8561 0.0535
3.0650 0.0377
3.2740 0.1608
3.4830 0.1312
3.6920 0.1115
3.9010 0.1064
4.1099 0.1543
4.3189 0.1376
4.5279 0.1874
4.7369 0.1316
4.9459 0.0919
5.1548 0.0686
5.3638 0.0513
5.5728 0.0346
5.7818 0.0272
5.9907 0.0204
6.1997 0.0086
6.4087 0.1585
6.6177 0.0974
6.8267 0.0799
7.0356 0.1147
7.2446 0.1197
7.4536 0.1726
7.6626 0.1207
7.8716 0.0941
8.0805 0.0842
8.2895 0.0739
8.4985 0.0664
8.7075 0.0597
8.9165 0.0521
9.1254 0.1508
9.3344 0.1716
9.5666 0.1189
9.7756 0.0969
9.9846 0.1116
10.1936 0.1453
10.4025 0.1644
10.6115 0.1262
10.8205 0.0868
11.0295 0.0662
11.2385 0.1581
11.4474 0.1342
11.6564 0.1601
11.8654 0.1536
12.0744 0.1550
12.2601 0.2100
12.4691 0.1425
12.6549 0.1381
12.8639 0.1652
13.0728 0.1822
13.2818 0.1561
13.4908 0.1551
13.6998 0.1467
13.9088 0.1629
14.1177 0.1810
14.3267 0.1532
14.5357 0.1609
14.7447 0.1395
14.9537 0.1027
15.1626 0.1664
15.3716 0.1742
15.5806 0.1475
15.7896 0.1547
15.9985 0.1878
16.2075 0.1728
16.4165 0.1825
16.6255 0.1702
16.8345 0.1469
17.0434 0.1406
17.2524 0.1363
17.4614 0.2150
17.6704 0.1675
17.8794 0.1645
18.0883 0.1547
18.3205 0.1648
18.5295 0.1431
18.7385 0.1524
18.9475 0.1989
19.1565 0.1653
19.3654 0.1725
19.5744 0.1541
19.7834 0.1615
19.9924 0.1513
20.2014 0.1261
20.4103 0.2016
20.6193 0.1404
20.8283 0.1143
21.0373 0.1473
21.2463 0.1766
21.4552 0.1258
21.6642 0.1405
21.8732 0.1764
22.0822 0.1846
22.2912 0.1902
22.5001 0.1751
22.7091 0.1487
22.9181 0.1554
23.1503 0.1447
23.3593 0.1618
23.5683 0.1798
23.7772 0.2000
23.9862 0.1792
24.1952 0.1823
24.4274 0.1237
24.6364 0.1582
24.8454 0.1662
25.0543 0.1417
25.2633 0.1987
25.4723 0.1592
25.7045 0.1306
25.9135 0.1667
26.1224 0.1444
26.3314 0.1687
26.5404 0.1682
26.7494 0.1199
26.9584 0.1582
27.1673 0.1733
27.3763 0.1732
27.5853 0.1563
27.7943 0.1941
28.0033 0.1917
28.2122 0.2185
28.4212 0.1918
28.6302 0.1595
28.8392 0.1554
29.0482 0.1422
29.2804 0.1853
29.4893 0.1678
29.6983 0.1924
29.9073 0.2012
30.1163 0.1769
30.3253 0.1071
30.5342 0.1248
30.7432 0.1466
30.9522 0.1607
31.1612 0.1788
31.3702 0.1598
31.5791 0.1547
31.7881 0.1479
31.9971 0.1914
32.2061 0.1336
32.4151 0.1773
32.6240 0.1312
32.8330 0.1746
33.0420 0.1797
33.2510 0.1411
33.4600 0.1093
33.6689 0.1335
33.8779 0.1436
34.0869 0.1497
34.2959 0.1643
34.5049 0.1637
34.7138 0.1482
34.9228 0.2080
35.1318 0.2497
35.3408 0.2795
35.5498 0.2345
35.7587 0.1840
35.9677 0.3080
36.1767 0.2406
36.3857 0.2377
36.5946 0.2510
36.8036 0.2149
37.0126 0.1716
37.2216 0.2541
37.4306 0.2697
37.6395 0.2368
37.8485 0.1912
38.0575 0.1432
38.2665 0.2093
38.4755 0.1824
38.6844 0.2722
38.8934 0.2871
39.1024 0.2473
39.3114 0.2580
39.5204 0.2236
39.7293 0.2355
39.9383 0.2107
40.1473 0.2349
40.3563 0.2365
40.5653 0.2432
40.7742 0.2655
40.9832 0.2316
41.1922 0.2694
41.4012 0.2345
41.6102 0.2441
41.8191 0.2104
42.0281 0.2217
42.2371 0.2023
42.4461 0.2661
42.6551 0.2907
42.8640 0.2817
43.0730 0.2987
43.2820 0.2479
43.4910 0.2439
43.7000 0.2605
43.9089 0.1617
44.1179 0.3070
44.3269 0.1859
44.5359 0.2650
44.7449 0.2487
44.9538 0.2051
45.1628 0.2296
45.3718 0.2622
45.5808 0.3007
45.7898 0.1777
45.9987 0.2043
46.2077 0.2502
46.4167 0.2353
46.6257 0.2647
46.8346 0.2399
47.0436 0.2838
47.2526 0.2035
47.4616 0.2831
47.6706 0.1730
47.8795 0.2394
48.0885 0.2232
48.2975 0.1465
48.5065 0.1488
48.7155 0.1722
48.9244 0.1781
49.1334 0.1678
49.3424 0.1538
49.5514 0.1763
49.7604 0.1889
49.9693 0.2287
50.1783 0.3360
50.3873 0.3152
50.5963 0.2004
50.8053 0.3044
51.0142 0.2559
51.2232 0.2388
51.4322 0.2783
51.6412 0.2543
51.8502 0.2741
52.0591 0.2728
52.2681 0.2666
52.4771 0.2587
52.6861 0.2405
52.8951 0.2526
53.1040 0.1542
53.3130 0.1570
53.5220 0.2750
53.7310 0.2767
53.9400 0.2920
54.1489 0.2611
54.3579 0.2758
54.5669 0.2254
54.7759 0.2270
54.9849 0.2864
55.1938 0.2174
55.4028 0.2804
55.6118 0.2592
55.8208 0.2282
56.0298 0.2983
56.2387 0.2615
56.4477 0.2044
56.6567 0.2683
56.8657 0.2434
57.0746 0.2535
57.2836 0.3065
57.4926 0.2667
57.7016 0.2007
57.9106 0.2299
58.1195 0.2530
58.3285 0.2809
58.5375 0.2847
58.7465 0.2300
58.9555 0.2496
59.1644 0.1655
59.3734 0.1364
59.5824 0.2173
59.7914 0.2681
60.0004 0.2141
60.2093 0.2852
60.4183 0.3267
60.6273 0.2549
60.8363 0.2626
61.0453 0.2420
61.2542 0.2417
61.4632 0.2475
61.6722 0.2011
61.8812 0.3357
62.0902 0.3155
62.2991 0.2809
62.5081 0.2464
62.7171 0.2714
62.9261 0.2388
63.1351 0.2809
63.3440 0.3240
63.5530 0.2576
63.7620 0.3377
63.9710 0.2826
64.1800 0.2610
64.3889 0.2466
64.5979 0.2496
64.8069 0.3100
65.0159 0.1363
65.2249 0.2455
65.4338 0.2835
65.6428 0.2645
65.8518 0.2533
66.0608 0.2569
66.2698 0.2378
66.4787 0.2170
66.6877 0.2750
66.8967 0.3149
67.1057 0.2882
67.3146 0.3040
67.5236 0.2547
67.7326 0.2639
67.9416 0.2483
68.1506 0.2514
68.3595 0.2596
68.5685 0.3038
68.7775 0.2581
68.9865 0.2551
69.1955 0.2573
69.4044 0.1534
69.6134 0.2784
69.8224 0.2812
70.0314 0.2789
70.2404 0.2673
70.4493 0.2616
70.6583 0.2441
70.8673 0.1991
71.0995 0.1943
71.3085 0.2216
71.5175 0.3249
71.7264 0.2746
71.9354 0.2680
72.1444 0.2567
72.3534 0.2674
72.5624 0.2702
72.7946 0.2259
73.0035 0.2498
73.2125 0.2479
73.4215 0.2382
73.6305 0.1974
73.8395 0.2158
74.0484 0.2809
74.2574 0.2068
74.4664 0.3198
74.6754 0.2655
74.8844 0.2780
75.0933 0.2551
75.3023 0.3052
75.5113 0.2411
75.7203 0.2404
75.9293 0.2540
76.1382 0.2661
76.3472 0.2414
76.5562 0.2550
76.7652 0.3019
76.9741 0.2633
77.1831 0.2348
77.3921 0.2322
77.6011 0.2618
77.8101 0.1884
78.0190 0.2985
78.2280 0.2576
78.4370 0.2140
78.6460 0.2489
78.8782 0.2049
79.0872 0.2644
79.2961 0.3027
79.5051 0.2181
79.7141 0.2930
79.9231 0.2051
80.1321 0.2635
80.3410 0.2544
80.5500 0.2356
80.7590 0.2218
80.9680 0.2896
81.2002 0.2653
81.4092 0.2243
81.6181 0.2532
81.8271 0.2629
82.0361 0.2516
82.2451 0.2366
82.4541 0.2583
82.6630 0.2604
82.8720 0.2505
83.0810 0.2678
83.2900 0.2327
83.4990 0.2575
83.7079 0.2087
83.9169 0.2434
84.1259 0.3505
84.3349 0.2213
84.5439 0.2185
84.7528 0.2168
84.9618 0.2642
85.1708 0.2593
85.3798 0.2388
85.5888 0.2933
85.7977 0.2740
86.0067 0.2618
86.2157 0.2085
86.4247 0.1930
86.6337 0.1296
86.8426 0.1515
87.0516 0.1641
87.2606 0.1370
87.4696 0.1832
87.6785 0.1594
87.8875 0.1477
88.0965 0.1351
88.3055 0.1724
88.5145 0.1584
88.7234 0.1416
88.9324 0.1295
89.1414 0.1803
89.3504 0.1857
89.5594 0.1818
89.7683 0.1242
90.0005 0.1594
90.2327 0.1812
90.4417 0.2256
90.6507 0.1786
90.8597 0.1630
91.0687 0.1651
91.2776 0.1381
91.4866 0.2120
91.6956 0.2078
91.9046 0.1947
92.1136 0.1966
92.3225 0.2163
92.5315 0.1834
92.7405 0.1430
92.9495 0.1714
93.1585 0.1506
93.3674 0.1948
93.5764 0.1750
93.7854 0.1890
93.9944 0.1423
94.2034 0.1943
94.4123 0.1801
94.6213 0.1773
94.8303 0.1393
95.0393 0.1883
95.2483 0.2099
95.4572 0.1808
95.6662 0.1368
95.8752 0.1771
96.0842 0.1762
96.2932 0.1794
96.5021 0.1994
96.7111 0.1664
96.9201 0.1486
97.1291 0.2484
97.3380 0.2547
97.5470 0.2515
97.7560 0.2472
97.9650 0.2614
98.1740 0.2703
98.3829 0.2510
98.5919 0.2588
98.8009 0.2344
99.0099 0.2127
99.2189 0.1881
99.4278 0.2362
99.6368 0.2087
99.8458 0.2124
100.0548 0.2383
100.2638 0.2026
100.4727 0.2054
100.6817 0.1534
100.8907 0.1561
101.0997 0.2315
101.3087 0.2115
101.5176 0.1988
101.7266 0.2437
101.9356 0.2255
102.1446 0.2225
102.3536 0.2322
102.5625 0.2528
102.7715 0.2582
103.0037 0.2465
103.2127 0.1874
103.4217 0.2248
103.6307 0.2051
103.8396 0.2451
104.0486 0.2288
104.2576 0.2433
104.4666 0.2176
104.6756 0.2595
104.8845 0.2894
105.0935 0.2316
105.3025 0.2654
105.5115 0.2461
105.7205 0.2463
105.9294 0.2555
106.1384 0.2200
106.3474 0.2860
106.5564 0.1334
106.7654 0.1649
106.9976 0.1564
107.2065 0.2201
107.4155 0.2243
107.6245 0.2496
107.8335 0.3028
108.0424 0.2141
108.2514 0.2526
108.4604 0.2175
108.6694 0.2167
108.8784 0.2567
109.0873 0.2098
109.2963 0.2738
109.5053 0.1804
109.7143 0.2763
109.9233 0.1834
110.1322 0.2205
110.3412 0.2408
110.5502 0.2627
110.7592 0.2974
110.9682 0.1721
111.1771 0.3097
111.3861 0.2465
111.5951 0.2299
111.8273 0.2235
112.0363 0.1467
112.2453 0.2860
112.4542 0.2201
112.6632 0.2592
112.8722 0.2549
113.0812 0.2620
113.2902 0.2475
113.4991 0.2211
113.7081 0.2735
113.9171 0.2328
114.1261 0.2833
114.3351 0.2633
114.5440 0.2319
114.7530 0.1926
114.9620 0.2182
115.1710 0.2638
115.3800 0.2564
115.5889 0.2240
115.7979 0.2479
116.0069 0.2585
116.2159 0.2587
116.4249 0.2450
116.6338 0.1930
116.8428 0.2648
117.0518 0.2538
117.2608 0.2632
117.4698 0.2356
117.6787 0.2091
117.8877 0.1657
118.0967 0.1855
118.3057 0.2150
118.5146 0.2138
118.7236 0.2489
118.9326 0.3074
119.1416 0.2531
119.3273 0.2012
119.5363 0.2430
119.7453 0.2569
119.9543 0.2366
120.1633 0.2251
120.3722 0.2324
120.5812 0.2778
120.7902 0.2606
120.9992 0.2203
121.2082 0.2932
121.4171 0.2360
121.6261 0.1619
121.8351 0.2194
122.0441 0.2817
122.2531 0.2490
122.4620 0.2257
122.6710 0.1901
122.8800 0.1749
123.0890 0.1702
123.2980 0.2246
123.5069 0.2843
123.7159 0.2557
123.9249 0.3317
124.1339 0.3645
124.3429 0.2952
124.5518 0.2951
124.7608 0.1997
124.9698 0.3020
125.1788 0.2776
125.3878 0.2529
125.5967 0.3411
125.8057 0.2652
126.0147 0.2747
126.2237 0.2622
126.4327 0.2626
126.6416 0.2839
126.8506 0.2505
127.0596 0.3070
127.2686 0.1651
127.4776 0.2819
127.6865 0.3087
127.8955 0.2450
128.1045 0.2613
128.3135 0.2488
128.5224 0.3283
128.7314 0.2247
128.9404 0.3039
129.1494 0.3175
129.3584 0.2753
129.5673 0.2683
129.7763 0.2684
129.9853 0.2942
130.1943 0.2457
130.4033 0.2363
130.6122 0.2060
130.8212 0.2996
131.0302 0.2558
131.2392 0.2404
131.4482 0.2821
131.6571 0.2470
131.8661 0.2664
132.0751 0.2953
132.2841 0.2843
132.4931 0.2554
132.7020 0.2535
132.9110 0.2284
133.1200 0.2195
133.3290 0.2042
133.5380 0.2460
133.7469 0.2905
133.9559 0.2718
134.1649 0.2580
134.3739 0.2210
134.5829 0.2509
134.7918 0.2669
135.0008 0.2828
135.2098 0.2544
135.4188 0.2934
135.6278 0.2463
135.8367 0.2431
136.0457 0.2830
136.2547 0.2581
136.4637 0.2772
136.6727 0.3181
136.8816 0.2855
137.0906 0.2605
137.2996 0.2713
137.5086 0.2828
137.7408 0.2562
137.9498 0.3049
138.1587 0.3079
138.3677 0.3047
138.5767 0.2676
138.7857 0.2641
138.9946 0.2132
139.2036 0.1238
139.4126 0.2913
139.6216 0.2659
139.8306 0.2387
140.0395 0.2636
140.2485 0.3366
140.4575 0.3390
140.6665 0.2707
140.8755 0.2746
141.0844 0.2359
141.2934 0.2819
141.5024 0.2873
141.7114 0.2171
141.9204 0.3041
142.1293 0.2607
142.3383 0.1692
142.5473 0.1824
142.7563 0.2613
142.9653 0.2504
143.1742 0.2835
143.3832 0.3399
143.5922 0.2701
143.8012 0.2639
144.0102 0.2494
144.2191 0.2361
144.4281 0.2669
144.6371 0.2125
144.8461 0.3242
145.0551 0.1613
145.2640 0.1399
145.4730 0.1697
145.6820 0.2602
145.8910 0.2627
146.1000 0.2970
146.3089 0.3260
146.5179 0.2536
146.7269 0.2961
146.9359 0.2723
147.1449 0.2917
147.3538 0.2633
147.5628 0.2689
147.7718 0.2322
147.9808 0.2973
148.1898 0.3146
148.3987 0.2232
148.6077 0.2131
148.8167 0.1742
149.0257 0.1230
149.2346 0.0821
149.4436 0.1125
149.6526 0.1024
149.8616 0.1128
150.0706 0.1600
150.2795 0.1267
150.4885 0.1969
150.6975 0.1882
150.9065 0.1681
151.1155 0.1545
151.3244 0.1488
151.5334 0.1561
151.7424 0.1388
151.9514 0.1769
152.1604 0.1698
152.3693 0.1762
152.5783 0.1325
152.7873 0.1308
152.9963 0.1296
153.2053 0.1381
153.4142 0.2082
153.6232 0.2181
153.8322 0.2336
154.0412 0.2224
154.2502 0.1968
154.4591 0.2031
154.6681 0.1706
154.8771 0.2164
155.0861 0.2099
155.2951 0.2183
155.5040 0.1898
155.7130 0.1693
155.9220 0.1643
156.1310 0.1820
156.3400 0.2110
156.5489 0.1579
156.7579 0.1472
156.9669 0.1793
157.1759 0.2186
157.3849 0.1497
157.5938 0.1751
157.8028 0.1734
158.0118 0.1471
158.2208 0.1381
158.4298 0.1491
158.6387 0.1976
158.8477 0.1948
159.0567 0.2379
159.2657 0.2203
159.4746 0.2378
159.6836 0.2423
159.8926 0.2523
160.1016 0.2124
160.3106 0.2288
160.5195 0.2754
160.7285 0.2381
160.9375 0.2219
161.1465 0.2164
161.3555 0.2262
161.5644 0.1883
161.7734 0.1996
161.9824 0.2049
162.1914 0.2211
162.4004 0.2002
162.6093 0.2112
162.8183 0.2205
163.0273 0.2120
163.2363 0.2107
163.4453 0.2570
163.6542 0.2559
163.8632 0.2072
164.0722 0.2182
164.2812 0.2107
164.4902 0.2232
164.6991 0.2105
164.9081 0.2133
165.1171 0.2113
165.3261 0.2195
165.5351 0.2156
165.7440 0.2165
165.9530 0.2798
166.1620 0.2444
166.3710 0.2641
166.5800 0.2556
166.7889 0.2522
166.9979 0.2401
167.2069 0.2505
167.4159 0.2404
167.6249 0.2839
167.8338 0.2423
168.0428 0.2250
168.2518 0.2533
168.4608 0.2421
168.6698 0.2280
168.8787 0.1981
169.0877 0.1765
169.2967 0.2400
169.5057 0.2661
169.7146 0.2215
169.9236 0.2403
170.1326 0.2845
170.3416 0.2741
170.5506 0.2770
170.7595 0.2496
170.9685 0.2616
171.1775 0.2418
171.3865 0.2750
171.5955 0.2754
171.8044 0.2665
172.0134 0.2761
172.2224 0.3479
172.4314 0.3482
172.6404 0.2728
172.8493 0.3670
173.0583 0.3395
173.2673 0.2201
173.4763 0.2948
173.7085 0.3367
173.9175 0.1419
174.1264 0.3359
174.3354 0.1741
174.5212 0.4098
174.7302 0.3259
174.9391 0.2670
175.1481 0.1771
175.3571 0.2917
175.5661 0.2514
175.7751 0.2879
175.9840 0.3374
176.1930 0.2727
176.4020 0.2889
176.6110 0.2582
176.8200 0.2593
177.0289 0.2654
177.2379 0.2501
177.4469 0.3089
177.6559 0.1484
177.8649 0.2616
178.0738 0.2783
178.2828 0.2937
178.4918 0.2691
178.7008 0.2845
178.9098 0.3268
179.1187 0.2167
179.3277 0.3097
179.5367 0.3171
179.7457 0.2937
179.9546 0.2795
180.1636 0.2145
180.3726 0.2788
180.5816 0.2142
180.7906 0.2278
180.9995 0.2074
181.2085 0.2450
181.4175 0.2133
181.6265 0.2645
181.8355 0.3055
182.0444 0.2189
182.2534 0.3071
182.4624 0.2885
182.6714 0.2795
182.8804 0.2701
183.0893 0.2454
183.2983 0.2758
183.5073 0.1835
183.7163 0.1990
183.9253 0.2306
184.1342 0.2556
184.3432 0.2332
184.5522 0.2630
184.7612 0.2102
184.9702 0.2253
185.1791 0.2598
185.3881 0.2790
185.5971 0.2410
185.8061 0.2799
186.0151 0.2631
186.2240 0.2329
186.4330 0.2772
186.6420 0.2012
186.8510 0.2801
187.0600 0.2457
187.2689 0.2690
187.4779 0.2605
187.6869 0.2933
187.8959 0.2855
188.1049 0.2631
188.3138 0.2776
188.5228 0.2772
188.7318 0.2880
188.9408 0.2649
189.1498 0.2197
189.3587 0.2417
189.5677 0.1527
189.7767 0.2571
189.9857 0.2341
190.1946 0.2923
190.4036 0.2570
190.6126 0.2885
190.8216 0.3256
191.0306 0.2214
191.2395 0.2425
191.4485 0.2466
191.6575 0.3061
191.8665 0.2842
192.0755 0.1973
192.2844 0.3396
192.4934 0.2366
192.7024 0.1805
192.9114 0.1957
193.1204 0.2490
193.3293 0.2290
193.5383 0.2672
193.7473 0.3278
193.9563 0.2710
194.1653 0.2993
194.3742 0.2645
194.5832 0.2617
194.7922 0.2493
195.0012 0.2626
195.2102 0.3439
195.4191 0.2238
195.6281 0.1669
195.8371 0.1859
196.0461 0.2443
196.2551 0.2392
196.4640 0.2644
196.6730 0.3279
196.8820 0.2287
197.0910 0.2894
197.2767 0.2764
197.4857 0.2433
197.6947 0.2151
197.9037 0.2654
198.1127 0.2763
198.3216 0.3180
198.5306 0.2770
198.7396 0.2144
198.9486 0.3199
199.1576 0.2794
199.3665 0.2677
199.5755 0.3003
199.7845 0.2529
199.9935 0.2746
200.2024 0.2719
200.4114 0.2658
200.6204 0.2813
200.8294 0.2746
201.0384 0.2487
201.2473 0.2282
201.4563 0.2132
201.6653 0.2582
201.8743 0.2880
202.0833 0.2796
202.2922 0.2600
202.5012 0.2438
202.7102 0.2399
202.9192 0.2189
203.1282 0.2828
203.3371 0.2420
203.5461 0.2659
203.7551 0.3023
203.9641 0.2275
204.1731 0.2921
204.3820 0.2375
204.5910 0.2551
204.8000 0.2281
205.0090 0.2624
205.2180 0.2709
205.4269 0.3086
205.6359 0.2627
205.8449 0.2489
206.0539 0.2903
206.2629 0.2697
206.4718 0.2927
206.6808 0.3106
206.8898 0.2800
207.0988 0.3562
207.3078 0.2626
207.5167 0.1900
207.7257 0.1789
207.9579 0.2800
208.1669 0.2722
208.3759 0.2951
208.5849 0.3292
208.7938 0.2666
209.0028 0.2614
209.2118 0.2164
209.4208 0.2789
209.6298 0.2902
209.8387 0.2616
210.0477 0.3141
210.2567 0.3111
210.4657 0.3258
210.6746 0.1918
210.8836 0.2744
211.0926 0.2548
211.3016 0.2798
211.5106 0.3413
211.7195 0.2819
211.9285 0.3119
212.1375 0.2717
212.3465 0.2701
212.5555 0.2550
212.7644 0.2968
212.9734 0.3271
213.1824 0.2277
213.3914 0.2211
213.6004 0.2530
213.8093 0.2387
214.0183 0.2146
214.2273 0.2227
214.4363 0.3011
214.6453 0.2357
214.8542 0.2780
215.0632 0.3217
215.2722 0.2552
215.4812 0.2645
215.6902 0.2396
215.8991 0.1908
216.1081 0.2036
216.3171 0.2277
216.5261 0.2561
216.7351 0.3282
216.9440 0.2888
217.1530 0.2625
217.3620 0.2889
217.5710 0.2110
217.7800 0.2617
217.9889 0.3037
218.1979 0.2647
218.4069 0.2965
218.6159 0.2446
218.8249 0.2317
219.0338 0.2144
219.2428 0.1721
219.4518 0.2228
219.6608 0.2967
219.8698 0.2736
220.0787 0.2837
220.2877 0.2898
220.4967 0.2948
220.7057 0.2811
220.9146 0.2852
221.1236 0.2618
221.3326 0.3422
221.5416 0.3217
221.7506 0.2503
221.9595 0.2187
222.1685 0.2245
222.3775 0.1947
222.5865 0.1379
222.7955 0.1544
223.0044 0.1801
223.2134 0.1933
223.4224 0.1970
223.6314 0.2465
223.8404 0.2143
224.0493 0.2104
224.2583 0.2147
224.4673 0.2085
224.6763 0.1930
224.8853 0.2269
225.0710 0.1728
225.2800 0.2001
225.4890 0.2081
225.6980 0.2017
225.9069 0.1881
226.1159 0.1681
226.3249 0.1837
226.5339 0.2083
226.7429 0.2391
226.9518 0.2281
227.1608 0.2381
227.3698 0.1962
227.5788 0.1540
227.7878 0.1572
227.9967 0.1487
228.2057 0.1411
228.4147 0.1236
228.6237 0.1816
228.8327 0.2257
229.0184 0.1960
229.2274 0.1909
229.4364 0.1841
229.6454 0.1227
229.8543 0.1848
230.0633 0.1856
230.2723 0.1708
230.4813 0.1742
230.6902 0.1607
230.8992 0.1742
231.1082 0.1164
231.3172 0.1290
231.5262 0.1939
231.7351 0.1744
231.9441 0.1756
232.1531 0.1771
232.3621 0.2062
232.5711 0.1424
232.7800 0.1588
232.9890 0.1420
233.1980 0.1543
233.4070 0.1651
