# time(s) volume
1.1610 0.0801
1.5557 0.0583
1.9505 0.0792
2.3452 0.0586
2.7400 0.0699
3.1347 0.0359
3.5294 0.0708
3.9242 0.0362
4.3189 0.0607
4.7137 0.0227
5.0852 0.0603
5.5031 0.0614
5.8979 0.0857
6.2926 0.0450
6.6873 0.0739
7.0821 0.0651
7.4768 0.0609
7.8716 0.0276
8.2663 0.0677
8.6610 0.0521
9.0558 0.0748
9.4505 0.0421
9.8453 0.0835
10.2400 0.0536
10.6347 0.0675
11.0295 0.0354
11.4242 0.0662
11.8190 0.0555
12.2137 0.0672
12.6084 0.0326
13.0032 0.2488
13.3979 0.2237
13.7927 0.2701
14.1874 0.1652
14.5821 0.0851
15.0001 0.2161
15.3948 0.2755
15.7896 0.1591
16.1611 0.1657
16.5790 0.1321
16.9738 0.2531
17.3685 0.0984
17.7400 0.0876
18.1580 0.2559
18.5527 0.2611
18.9475 0.1493
19.3422 0.1265
19.7370 0.1314
20.1317 0.2531
20.5264 0.1181
20.9212 0.1351
21.3159 0.2113
21.7107 0.2407
22.1054 0.1490
22.5001 0.1453
22.8949 0.0938
23.2896 0.2446
23.6844 0.0968
24.0791 0.1646
24.4738 0.2551
24.8686 0.2674
25.2633 0.1911
25.6580 0.1761
26.0528 0.2417
26.4475 0.2761
26.8423 0.1408
27.2370 0.1901
27.6317 0.2850
28.0265 0.2644
28.4212 0.1480
28.7927 0.2007
29.2107 0.1187
29.6054 0.2446
30.0002 0.1505
30.3949 0.1939
30.7897 0.2551
31.1844 0.2619
31.5791 0.1504
31.9739 0.1898
32.3686 0.0982
32.7634 0.2458
33.1581 0.1478
33.5528 0.1829
33.9476 0.2537
34.3423 0.2363
34.7371 0.1477
35.1318 0.2062
35.5265 0.1309
35.9213 0.2167
36.3160 0.1475
36.7107 0.2162
37.1055 0.2463
37.5002 0.2635
37.8950 0.1248
38.2897 0.2535
38.6844 0.2369
39.0792 0.2810
39.4971 0.1547
39.8919 0.1893
40.2866 0.2280
40.6814 0.2019
41.0761 0.1278
41.4708 0.1931
41.8656 0.1477
42.2603 0.2580
42.6551 0.1279
43.0498 0.1800
43.4445 0.2715
43.8393 0.2760
44.2340 0.1921
44.6288 0.1792
45.0235 0.1271
45.4182 0.2498
45.8130 0.1515
46.2077 0.2053
46.6024 0.2423
46.9972 0.2658
47.3919 0.1718
47.7867 0.2106
48.1814 0.1559
48.5761 0.2585
48.9709 0.1934
49.3656 0.2693
49.7604 0.1497
50.1551 0.2492
50.5498 0.2303
50.9446 0.1457
51.3393 0.2540
51.7341 0.3080
52.1288 0.1784
52.5235 0.1931
52.9183 0.2607
53.3130 0.2999
53.7310 0.1984
54.1257 0.2415
54.5205 0.1828
54.9152 0.2823
55.3099 0.1732
55.7047 0.2053
56.0994 0.3074
56.4941 0.2948
56.8889 0.2292
57.2836 0.2383
57.6784 0.2125
58.0731 0.3007
58.4678 0.2292
58.8626 0.2154
59.2573 0.2657
59.6521 0.2939
60.0468 0.2062
60.4415 0.2484
60.8363 0.1983
61.2310 0.3144
61.6258 0.1953
62.0205 0.2369
62.4152 0.2903
62.8100 0.2438
63.2047 0.1810
63.5995 0.2155
63.9942 0.2073
64.3889 0.3016
64.7837 0.1683
65.1784 0.2039
65.5732 0.2752
65.9679 0.2828
66.3626 0.1832
66.7574 0.2292
67.1521 0.1940
67.5468 0.2837
67.9416 0.1742
68.3363 0.1970
68.7311 0.2892
69.1258 0.2890
69.5205 0.1810
69.9153 0.2245
70.3332 0.2205
70.7280 0.2885
71.1227 0.2212
71.5175 0.2135
71.9122 0.2919
72.3069 0.2791
72.7017 0.2211
73.0964 0.2564
73.4912 0.1888
73.8859 0.3008
74.2806 0.2307
74.6754 0.2678
75.0701 0.1271
75.4649 0.2592
75.8596 0.2240
76.2543 0.1251
76.6491 0.2195
77.0438 0.2757
77.4385 0.1560
77.8333 0.2649
78.2280 0.2986
78.6228 0.2968
79.0175 0.1712
79.4122 0.2085
79.8070 0.1731
80.2017 0.2908
80.5965 0.1286
80.9912 0.2432
81.3859 0.2458
81.7807 0.2712
82.1754 0.1890
82.5702 0.2120
82.9649 0.1322
83.3596 0.2718
83.7544 0.1524
84.1491 0.1966
84.5439 0.2642
84.9386 0.2557
85.3333 0.2066
85.7281 0.2390
86.1228 0.1209
86.5176 0.2819
86.9123 0.1872
87.3070 0.2283
87.7018 0.2694
88.0965 0.2695
88.4912 0.2583
88.8860 0.3012
89.2807 0.2131
89.6755 0.2768
90.0934 0.2234
90.4882 0.2218
90.8829 0.2561
91.2776 0.2986
91.6724 0.1440
92.0671 0.2000
92.4619 0.1352
92.8566 0.2909
93.2513 0.1472
93.6461 0.2252
94.0408 0.2673
94.4356 0.2614
94.8303 0.2033
95.2250 0.2182
95.6198 0.1882
96.0145 0.2851
96.4093 0.1806
96.8040 0.1964
97.1987 0.2781
97.5935 0.2944
97.9882 0.1846
98.3829 0.2071
98.7777 0.1780
99.1724 0.2815
99.5672 0.2379
99.9619 0.2199
100.3566 0.1624
100.7514 0.2633
101.1461 0.1368
101.5409 0.1330
101.9356 0.0881
102.3303 0.0534
102.7251 0.0297
103.1198 0.2249
103.5378 0.2190
103.9325 0.1663
104.3273 0.1231
104.7220 0.2390
105.0935 0.2642
105.4883 0.3009
105.8830 0.2603
106.3010 0.2150
106.6957 0.2549
107.0904 0.2935
107.4852 0.2061
107.8799 0.2438
108.2746 0.2295
108.6694 0.2828
109.0641 0.1853
109.4589 0.1911
109.8536 0.2139
110.2483 0.2795
110.6431 0.2049
111.0378 0.2060
111.4326 0.2040
111.8273 0.2726
112.2220 0.2135
112.6168 0.2275
113.0115 0.2769
113.4063 0.2794
113.8010 0.2167
114.1957 0.2511
114.5905 0.1963
114.9852 0.2954
115.3800 0.1808
115.7747 0.2110
116.1694 0.2851
116.5642 0.2853
116.9589 0.2082
117.3537 0.2877
117.7484 0.2581
118.1431 0.3090
118.5379 0.2109
118.9326 0.2175
119.3273 0.2645
119.7221 0.3088
120.1168 0.1978
120.5116 0.2369
120.9063 0.2013
121.3010 0.2982
121.6958 0.1986
122.0905 0.1795
122.4853 0.3036
122.9032 0.2343
123.2980 0.2115
123.6927 0.1981
124.0874 0.2221
124.4822 0.2629
124.8769 0.2371
125.2717 0.2442
125.6664 0.3006
126.0611 0.2941
126.4559 0.2161
126.8506 0.2404
127.2454 0.1906
127.6401 0.2324
128.0348 0.2163
128.4063 0.2830
128.8011 0.2043
129.1958 0.2733
129.5906 0.1896
129.9853 0.1552
130.3800 0.2454
130.7748 0.2620
131.1695 0.0541
131.5643 0.1970
131.9822 0.2612
132.3770 0.2787
132.7717 0.0431
133.1664 0.1907
133.5612 0.0557
133.9559 0.2726
134.3507 0.0472
134.7454 0.2134
135.1401 0.2524
135.5349 0.2551
135.9296 0.0412
136.3244 0.3125
136.7191 0.1649
137.1138 0.3140
137.5086 0.1616
137.9033 0.2059
138.2980 0.2840
138.6928 0.2885
139.0875 0.1073
139.4823 0.2655
139.8770 0.2175
140.2717 0.2779
140.6665 0.1374
141.0612 0.2293
141.4792 0.2851
141.8739 0.2930
142.2687 0.1382
142.6634 0.2359
143.0581 0.2638
143.4529 0.3369
143.8476 0.1722
144.2424 0.2118
144.6371 0.2846
145.0318 0.2959
145.4266 0.1852
145.8213 0.2150
146.2161 0.2563
146.6108 0.2957
147.0055 0.1883
147.4003 0.2326
147.7950 0.2908
148.1898 0.2895
148.5845 0.1609
148.9792 0.2066
149.3740 0.2378
149.7687 0.2886
150.1634 0.2147
150.5582 0.2383
150.9529 0.2681
151.3477 0.2927
151.7424 0.2233
152.1371 0.2242
152.5319 0.2511
152.9266 0.3207
153.3214 0.2142
153.7161 0.2238
154.1108 0.3113
154.5056 0.2710
154.9003 0.0850
155.2951 0.1890
155.6898 0.2497
156.0845 0.3287
156.4793 0.2305
156.8740 0.1816
157.2688 0.3157
157.6635 0.3093
158.0815 0.2345
158.4762 0.2473
158.8709 0.2251
159.2657 0.2700
159.6604 0.1758
160.0551 0.2385
160.4499 0.2763
160.8446 0.2891
161.2394 0.2059
161.6341 0.2445
162.0288 0.2505
162.4236 0.3206
162.8183 0.2412
163.2131 0.2529
163.6078 0.3080
164.0025 0.3184
164.3973 0.2492
164.7920 0.2781
165.1868 0.2325
165.5815 0.2957
165.9762 0.2291
166.3710 0.2206
166.7657 0.2773
167.1605 0.2525
167.5552 0.1812
167.9499 0.2205
168.3447 0.2353
168.7394 0.3024
169.1341 0.2265
169.5289 0.2397
169.9236 0.2582
170.3184 0.2858
170.7131 0.1341
171.1078 0.2732
171.5026 0.2016
171.8973 0.2663
172.2921 0.1698
172.6868 0.2243
173.0815 0.2304
173.4763 0.2878
173.8710 0.1369
174.2658 0.2350
174.6837 0.1611
175.0785 0.2824
175.4732 0.1963
175.8679 0.2443
176.2627 0.1830
176.6574 0.2581
177.0522 0.2331
177.4469 0.2278
177.8416 0.2373
178.2132 0.3117
178.6079 0.2542
179.0026 0.2956
179.3974 0.2682
179.7921 0.3145
180.2101 0.2873
180.6048 0.2797
180.9995 0.2614
181.3943 0.3239
181.7890 0.2999
182.1838 0.3182
182.5785 0.3111
182.9732 0.3299
183.3680 0.2926
183.7627 0.3160
184.1575 0.3018
184.5522 0.3220
184.9469 0.2953
185.3417 0.2972
185.7364 0.3052
186.1312 0.2999
186.5259 0.3120
186.9206 0.3452
187.3154 0.3348
187.7101 0.3050
188.1049 0.3369
188.4996 0.3168
188.8943 0.3078
189.2891 0.2859
189.6838 0.1699
190.0785 0.1863
190.4965 0.2600
190.8912 0.3692
191.2860 0.2157
191.6807 0.1937
192.0755 0.2574
192.4702 0.2918
192.8649 0.1525
193.2597 0.2260
193.6544 0.2096
194.0492 0.2771
194.4439 0.1914
194.8154 0.1793
195.2102 0.2946
195.6281 0.2465
196.0229 0.2155
196.4176 0.2319
196.8123 0.2067
197.2071 0.2839
197.6018 0.2131
197.9966 0.2069
198.3913 0.2993
198.7860 0.2824
199.1808 0.2238
199.5755 0.2332
199.9702 0.2023
200.3650 0.2854
200.7597 0.1987
201.1545 0.2261
201.5492 0.2894
201.9439 0.2462
202.3387 0.2092
202.7334 0.2628
203.1282 0.2233
203.5461 0.2615
203.9409 0.1759
204.3356 0.2067
204.7303 0.1963
205.1251 0.2252
205.5198 0.2128
205.9146 0.2520
206.3093 0.1975
206.7040 0.2590
207.0988 0.1738
207.4935 0.1841
207.8883 0.2903
208.2830 0.2797
208.6777 0.2414
209.0725 0.2458
209.4672 0.2368
209.8620 0.2642
210.2567 0.2383
210.6514 0.2060
211.0462 0.2732
211.4409 0.2891
211.8356 0.1806
212.2304 0.2440
212.6251 0.1854
213.0199 0.2491
213.4146 0.2126
213.8093 0.2452
214.2041 0.1861
214.5988 0.2044
214.9936 0.1875
215.3883 0.1824
215.7830 0.2182
216.1778 0.2207
216.5725 0.0604
216.9673 0.1747
217.3620 0.1873
217.7567 0.2152
218.1515 0.0947
218.5462 0.1858
218.9410 0.0896
219.3357 0.2279
219.7304 0.0886
220.1252 0.1448
220.5199 0.2231
220.9146 0.1973
221.3094 0.0934
221.7041 0.2176
222.0989 0.0867
222.4936 0.2193
222.8883 0.0954
223.2831 0.1571
223.6778 0.2075
224.0726 0.2263
224.4673 0.0894
224.8620 0.1788
225.2568 0.1000
225.6515 0.2139
226.0695 0.0985
226.4642 0.1268
226.8590 0.2145
227.2537 0.1900
227.6484 0.1055
228.0432 0.2071
228.4379 0.2533
228.8327 0.2845
229.2274 0.2189
229.6221 0.2287
230.0169 0.3067
230.4116 0.2407
230.8063 0.2096
231.2011 0.1809
231.5958 0.2287
231.9906 0.2700
232.3853 0.2217
232.7800 0.2676
233.1748 0.2283
233.5695 0.2494
233.9643 0.2144
234.3590 0.2195
234.7537 0.2384
235.1485 0.2474
235.5432 0.2321
235.9380 0.2826
236.3327 0.2955
236.7274 0.2738
237.1222 0.2285
237.5169 0.2837
237.9117 0.2568
238.3064 0.2944
238.7011 0.2085
239.0959 0.2416
239.4906 0.2982
239.8854 0.2781
240.2801 0.2179
240.6748 0.1803
241.0696 0.2922
241.4643 0.3001
241.8590 0.2670
242.2306 0.2320
242.6253 0.2961
243.0200 0.2632
243.4148 0.2676
243.8095 0.2032
244.2043 0.2079
244.5990 0.2289
244.9937 0.1852
245.3885 0.2549
245.7832 0.2474
246.1780 0.2318
246.5727 0.2178
246.9674 0.2560
247.3854 0.2511
247.7801 0.3311
248.1749 0.2610
248.5696 0.2778
248.9644 0.2958
249.3591 0.2775
249.7538 0.2723
250.1486 0.2791
250.5433 0.2391
250.9380 0.3129
251.3328 0.2735
251.7275 0.2130
252.1223 0.2140
252.5170 0.2418
252.9117 0.1787
253.3065 0.1402
253.7012 0.2269
254.0960 0.2992
254.4907 0.1919
254.8854 0.2142
255.2802 0.2946
255.6749 0.2622
256.0697 0.1919
256.4644 0.2030
256.8591 0.2160
257.2771 0.2524
257.6718 0.2218
258.0666 0.2603
258.4613 0.2707
258.8561 0.2655
259.2508 0.1349
259.6223 0.2081
260.0171 0.1966
260.4118 0.2984
260.8065 0.2409
261.2013 0.2620
261.6192 0.2844
262.0140 0.2814
262.4087 0.2294
262.8034 0.2605
263.2214 0.2435
263.6161 0.2688
264.0109 0.2244
264.4056 0.2321
264.8004 0.2490
265.1951 0.2654
265.5898 0.1687
265.9846 0.2289
266.3793 0.2456
266.7741 0.3005
267.1688 0.2327
267.5403 0.2229
267.9351 0.2655
268.3298 0.2570
268.7245 0.2705
269.1193 0.1939
269.5140 0.2243
269.9320 0.2629
270.3267 0.2113
270.7215 0.2491
271.1162 0.2708
271.5109 0.2456
271.9057 0.1946
272.3004 0.2000
272.6951 0.2325
273.0899 0.2926
273.4846 0.2569
273.8561 0.2702
274.2741 0.2633
274.6688 0.2969
275.0636 0.2011
275.4583 0.2342
275.8531 0.2207
276.2478 0.2821
276.6425 0.2344
277.0373 0.2391
277.4320 0.2787
277.8268 0.2423
278.2215 0.1502
278.5930 0.2595
278.9878 0.1965
279.3593 0.3017
279.7540 0.1297
280.1488 0.2067
280.5435 0.2133
280.9382 0.2732
281.3562 0.1402
281.7509 0.1938
282.1457 0.1668
282.5404 0.2639
282.9351 0.1349
283.3299 0.2200
283.7246 0.2586
284.1194 0.2826
284.5373 0.1257
284.9321 0.2127
285.3268 0.1970
285.7215 0.2810
286.1163 0.1572
286.5110 0.2369
286.9058 0.2351
287.3005 0.2912
287.7185 0.1543
288.1132 0.2046
288.5079 0.1657
288.9027 0.2970
289.2974 0.1694
289.6922 0.2312
290.0869 0.2818
290.4584 0.3000
290.8532 0.1634
291.2479 0.2801
291.6426 0.1876
292.0374 0.2759
292.4321 0.1142
292.8268 0.2041
293.2448 0.2636
293.6395 0.2719
294.0343 0.2295
294.4290 0.2056
294.8238 0.2393
295.2185 0.3169
295.6132 0.2285
296.0080 0.2513
296.4027 0.2790
296.7975 0.3000
297.1922 0.1052
297.5637 0.2103
297.9817 0.1770
298.3764 0.3083
298.7712 0.1853
299.1659 0.2453
299.5606 0.2867
299.9554 0.2998
300.3501 0.1928
300.7449 0.2427
301.1396 0.1859
301.5343 0.2674
301.9291 0.2091
302.3238 0.2300
302.7185 0.2375
303.1133 0.2745
303.5080 0.2105
303.9028 0.1696
304.2975 0.2116
304.6922 0.2942
305.0870 0.1219
305.4817 0.1822
305.8765 0.2532
306.2712 0.2906
306.6659 0.1739
307.0607 0.1958
307.4554 0.1905
307.8502 0.2956
308.2449 0.1909
308.6396 0.2228
309.0344 0.2503
309.4291 0.2802
309.8239 0.1095
310.2186 0.1956
310.6133 0.1420
311.0081 0.2863
311.4260 0.1784
311.8208 0.2482
312.2155 0.2791
312.6102 0.2745
313.0050 0.1784
313.3997 0.2202
313.7945 0.1836
314.1892 0.2840
314.5839 0.1822
314.9787 0.2297
315.3734 0.2701
315.7682 0.2786
316.1629 0.0852
316.5576 0.1915
316.9524 0.1501
317.3239 0.2497
317.7186 0.1433
318.1134 0.2036
318.5313 0.2535
318.9261 0.2742
319.3440 0.2084
319.7388 0.2265
320.1335 0.2582
320.5283 0.3237
320.9230 0.2090
321.3177 0.2420
321.7125 0.2979
322.1072 0.2427
322.5020 0.1217
322.8967 0.1967
323.2914 0.2043
323.6862 0.3120
324.0809 0.1889
324.4756 0.2561
324.8704 0.2923
325.2651 0.2876
325.6599 0.1911
326.0546 0.2580
326.4493 0.2082
326.8441 0.2856
327.2388 0.1919
327.6103 0.2364
328.0051 0.2544
328.3998 0.2498
328.7946 0.1965
329.1893 0.2326
329.6073 0.2145
330.0252 0.3258
330.4200 0.1124
330.8147 0.2494
331.2094 0.2336
331.6042 0.3084
331.9989 0.1084
332.3937 0.2508
332.7884 0.1911
333.1831 0.2993
333.5779 0.1786
333.9726 0.2573
334.3673 0.1941
334.7621 0.3231
335.1568 0.1877
335.5516 0.2590
335.9463 0.2744
336.3410 0.2856
336.7358 0.1100
337.1305 0.2339
337.5253 0.2725
337.9200 0.3049
338.3147 0.1068
338.7095 0.2492
339.1042 0.1957
339.4990 0.3062
339.8937 0.2000
340.2884 0.2507
340.6832 0.2726
341.0779 0.3238
341.4727 0.1494
341.8674 0.2600
342.2621 0.2159
342.6801 0.3302
343.0748 0.2074
343.4696 0.2512
343.8643 0.2783
344.2590 0.2990
344.6538 0.1297
345.0485 0.2536
345.4433 0.1856
345.8380 0.3073
346.2327 0.1434
346.6275 0.2400
347.0222 0.2346
347.4170 0.2770
347.8117 0.1880
348.2064 0.2570
348.6012 0.1924
348.9959 0.2927
349.3907 0.1499
349.7854 0.2495
350.1801 0.2845
350.5749 0.3079
350.9696 0.1187
351.3644 0.2468
351.7591 0.1960
352.1538 0.3217
352.5486 0.2556
352.9433 0.2304
353.3380 0.1886
353.7328 0.1981
354.1275 0.2577
354.5223 0.1930
354.9170 0.2523
355.3117 0.2924
355.7065 0.1051
356.1012 0.2451
356.4960 0.2500
356.8907 0.3322
357.2854 0.1416
357.6802 0.2619
358.0749 0.1776
358.4697 0.3331
358.8644 0.1209
359.2591 0.2490
359.6539 0.2625
360.0486 0.2910
360.4434 0.1340
360.8381 0.2544
361.2328 0.2345
361.6276 0.3144
362.0223 0.1471
362.4171 0.2591
362.8350 0.2494
363.2298 0.2710
363.6245 0.1315
364.0192 0.2452
364.4140 0.2112
364.8087 0.2725
365.2034 0.1246
365.5982 0.2440
365.9929 0.2682
366.3877 0.3400
366.7824 0.1507
367.1771 0.2571
367.5719 0.2281
367.9666 0.2888
368.3614 0.1570
368.7561 0.2259
369.1508 0.2362
369.5456 0.2814
369.9403 0.1342
370.3351 0.2449
370.7298 0.2470
371.1245 0.2918
371.5193 0.1665
371.9140 0.2405
372.3088 0.2647
372.7035 0.3016
373.0982 0.2093
373.4930 0.2069
373.8877 0.2413
374.2824 0.2935
374.6772 0.1830
375.0719 0.2632
375.4667 0.2654
375.8614 0.2992
376.2561 0.1816
376.6741 0.2421
377.0688 0.2816
377.4636 0.2860
377.8583 0.1911
378.2531 0.2680
378.6478 0.2233
379.0425 0.2904
379.4373 0.1783
379.8320 0.2575
380.2035 0.2486
380.5983 0.3198
380.9930 0.1448
381.3878 0.2133
381.7825 0.2832
382.1772 0.3038
382.5720 0.1411
382.9667 0.2315
383.3615 0.2103
383.7794 0.3040
384.1741 0.1402
384.5689 0.2221
384.9636 0.2675
385.3584 0.3150
385.7531 0.1831
386.1478 0.2481
386.5426 0.2874
386.9373 0.3140
387.3321 0.1742
387.7268 0.2639
388.1215 0.2696
388.5163 0.3157
388.9110 0.1381
389.3058 0.2691
389.7005 0.2175
390.0952 0.3105
390.4900 0.2315
390.8847 0.2508
391.2795 0.2302
391.6742 0.3135
392.0689 0.2350
392.4637 0.2216
392.8584 0.2217
393.2532 0.3043
393.6479 0.1544
394.0426 0.2232
394.4374 0.2698
394.8321 0.3017
395.2268 0.1235
395.6216 0.2504
396.0163 0.1752
396.4343 0.2481
396.8290 0.1156
397.2238 0.2345
397.6185 0.1832
398.0132 0.2575
398.4080 0.1330
398.8027 0.2381
399.1975 0.1918
399.5922 0.2634
399.9869 0.1559
400.3817 0.2527
400.7764 0.2511
401.1712 0.2867
401.5659 0.1623
401.9606 0.2513
402.3554 0.2161
402.7501 0.2883
403.1449 0.1372
403.5396 0.2287
403.9343 0.2121
404.3291 0.2830
404.7238 0.1625
405.1185 0.2426
405.5133 0.1836
405.9080 0.3106
406.3028 0.0915
406.6975 0.2285
407.0922 0.2730
407.4870 0.2728
407.8817 0.1227
408.2765 0.2263
408.6712 0.1814
409.0659 0.3031
409.4607 0.0974
409.8554 0.2275
410.2502 0.2081
410.6449 0.2866
411.0396 0.1621
411.4344 0.2392
411.8291 0.2488
412.2239 0.2893
412.6186 0.1293
413.0133 0.2429
413.4081 0.2409
413.8028 0.3067
414.1976 0.1094
414.5923 0.2260
415.0102 0.1588
415.4050 0.2383
415.7997 0.0923
416.1945 0.2037
416.5660 0.2570
416.9607 0.3066
417.3555 0.1674
417.7502 0.2626
418.1449 0.2054
418.5397 0.3076
418.9344 0.0945
419.3292 0.2191
419.7239 0.2646
420.1419 0.2898
420.5366 0.1533
420.9313 0.2248
421.3261 0.2021
421.7208 0.2808
422.1156 0.1165
422.5103 0.2197
422.9050 0.2514
423.2998 0.2808
423.6945 0.1849
424.0893 0.2296
424.4840 0.2352
424.8787 0.2674
425.2735 0.1207
425.6682 0.2170
426.0629 0.2417
426.4577 0.3015
426.8524 0.1240
427.2472 0.2238
427.6419 0.1823
428.0366 0.2889
428.4314 0.1093
428.8261 0.2220
429.2209 0.2236
429.6156 0.3126
430.0103 0.1175
430.4051 0.2068
430.7998 0.2317
431.1946 0.2766
431.5893 0.1602
431.9840 0.2509
432.3788 0.2963
432.7735 0.3218
433.1683 0.1543
433.5630 0.2436
433.9577 0.1912
434.3525 0.3076
434.7472 0.1209
435.1420 0.2120
435.5367 0.2115
435.9314 0.2997
436.3262 0.1213
436.7209 0.2538
437.1156 0.2038
437.5104 0.3088
437.9051 0.1322
438.2999 0.2416
438.7178 0.2456
439.1126 0.2932
439.5073 0.0859
439.9020 0.2141
440.2968 0.1868
440.6915 0.2987
441.0863 0.1301
441.4810 0.2200
441.8757 0.2578
442.2705 0.3058
442.6652 0.1716
443.0600 0.2801
443.4547 0.1869
443.8494 0.3007
444.2442 0.1479
444.6389 0.2249
445.0337 0.2559
445.4284 0.2951
445.8231 0.1604
446.2179 0.2181
446.6126 0.2142
447.0073 0.2845
447.4021 0.1216
447.7968 0.2319
448.1916 0.2652
448.5863 0.3255
448.9810 0.2529
449.3990 0.2165
449.7937 0.2119
450.1885 0.2613
450.5832 0.1473
450.9780 0.2270
451.3727 0.2811
451.7674 0.3149
452.1622 0.2346
452.5569 0.2281
452.9517 0.1765
453.3464 0.1901
